{
 "cells": [
  {
   "cell_type": "code",
   "execution_count": 166,
   "id": "41bcd85a",
   "metadata": {},
   "outputs": [
    {
     "name": "stdout",
     "output_type": "stream",
     "text": [
      "The autoreload extension is already loaded. To reload it, use:\n",
      "  %reload_ext autoreload\n"
     ]
    }
   ],
   "source": [
    "%load_ext autoreload\n",
    "%autoreload 2\n",
    "\n",
    "import numpy as np\n",
    "import seaborn as sns\n",
    "import matplotlib.pyplot as plt\n",
    "\n",
    "from sklearn.datasets import make_classification\n",
    "\n",
    "from src.models import LogisticRegression"
   ]
  },
  {
   "cell_type": "code",
   "execution_count": null,
   "id": "f337c43c",
   "metadata": {},
   "outputs": [
    {
     "name": "stdout",
     "output_type": "stream",
     "text": [
      "Shape X: (100, 3), Shape y: (100,)\n"
     ]
    }
   ],
   "source": [
    "X, y = make_classification(\n",
    "    n_samples=100,\n",
    "    n_features=3,\n",
    "    n_informative=3,\n",
    "    n_redundant=0,\n",
    "    n_classes=2,\n",
    "    n_clusters_per_class=1,\n",
    "    random_state=42,\n",
    ")\n",
    "\n",
    "print(f\"Shape X: {X.shape}, Shape y: {y.shape}\")"
   ]
  },
  {
   "cell_type": "code",
   "execution_count": 168,
   "id": "bd97b004",
   "metadata": {},
   "outputs": [
    {
     "name": "stdout",
     "output_type": "stream",
     "text": [
      "multiclass\n"
     ]
    },
    {
     "data": {
      "text/plain": [
       "array([[0.32971932, 0.33022847, 0.3400522 ],\n",
       "       [0.3334664 , 0.33051535, 0.33601825],\n",
       "       [0.33542187, 0.3282802 , 0.33629793],\n",
       "       [0.33573905, 0.33204871, 0.33221224],\n",
       "       [0.333685  , 0.33270034, 0.33361466],\n",
       "       [0.33793436, 0.32839324, 0.3336724 ],\n",
       "       [0.32925094, 0.33329043, 0.33745863],\n",
       "       [0.33652903, 0.33473535, 0.32873562],\n",
       "       [0.33359546, 0.33056154, 0.335843  ],\n",
       "       [0.3408271 , 0.32735661, 0.33181629],\n",
       "       [0.33566039, 0.33714478, 0.32719483],\n",
       "       [0.33699282, 0.32896533, 0.33404185],\n",
       "       [0.32986994, 0.332968  , 0.33716205],\n",
       "       [0.33853936, 0.33047699, 0.33098365],\n",
       "       [0.33232538, 0.33408596, 0.33358866],\n",
       "       [0.3322266 , 0.32959816, 0.33817523],\n",
       "       [0.33550707, 0.33202049, 0.33247245],\n",
       "       [0.33119018, 0.33123073, 0.33757909],\n",
       "       [0.33588267, 0.33233725, 0.33178008],\n",
       "       [0.32957307, 0.33228072, 0.33814622],\n",
       "       [0.32981762, 0.3321596 , 0.33802278],\n",
       "       [0.33352934, 0.33250919, 0.33396147],\n",
       "       [0.32721749, 0.33424855, 0.33853396],\n",
       "       [0.33273828, 0.32931183, 0.3379499 ],\n",
       "       [0.33105719, 0.3313905 , 0.33755231],\n",
       "       [0.33433958, 0.33622158, 0.32943884],\n",
       "       [0.3287369 , 0.33149979, 0.33976331],\n",
       "       [0.33647961, 0.33058629, 0.3329341 ],\n",
       "       [0.33634891, 0.32731177, 0.33633932],\n",
       "       [0.33361474, 0.33289737, 0.33348789],\n",
       "       [0.33743613, 0.33179306, 0.33077081],\n",
       "       [0.33409481, 0.32926824, 0.33663694],\n",
       "       [0.32915336, 0.33390644, 0.3369402 ],\n",
       "       [0.34057683, 0.33382766, 0.32559551],\n",
       "       [0.33185573, 0.33225351, 0.33589076],\n",
       "       [0.33240101, 0.3303988 , 0.33720019],\n",
       "       [0.33142707, 0.32921727, 0.33935566],\n",
       "       [0.33731027, 0.33300172, 0.32968801],\n",
       "       [0.33050917, 0.3343343 , 0.33515653],\n",
       "       [0.33120135, 0.3303863 , 0.33841235],\n",
       "       [0.33490529, 0.33223228, 0.33286243],\n",
       "       [0.3361057 , 0.32731077, 0.33658353],\n",
       "       [0.33712119, 0.33029387, 0.33258494],\n",
       "       [0.33485553, 0.32751441, 0.33763006],\n",
       "       [0.3389371 , 0.33160937, 0.32945353],\n",
       "       [0.33453944, 0.33091777, 0.33454279],\n",
       "       [0.33572497, 0.33274876, 0.33152627],\n",
       "       [0.3315218 , 0.32942645, 0.33905175],\n",
       "       [0.33440596, 0.33108984, 0.3345042 ],\n",
       "       [0.3324615 , 0.32987507, 0.33766343],\n",
       "       [0.33136637, 0.33739659, 0.33123704],\n",
       "       [0.33479621, 0.32949353, 0.33571026],\n",
       "       [0.3393574 , 0.32580244, 0.33484016],\n",
       "       [0.33447798, 0.33526985, 0.33025217],\n",
       "       [0.33812474, 0.32930039, 0.33257488],\n",
       "       [0.33193228, 0.33439421, 0.3336735 ],\n",
       "       [0.32922996, 0.33332147, 0.33744856],\n",
       "       [0.33746216, 0.33341581, 0.32912203],\n",
       "       [0.33071721, 0.33743116, 0.33185163],\n",
       "       [0.33071411, 0.32977832, 0.33950757],\n",
       "       [0.33191664, 0.33667942, 0.33140394],\n",
       "       [0.3354891 , 0.32997784, 0.33453305],\n",
       "       [0.33614717, 0.32858022, 0.33527261],\n",
       "       [0.338871  , 0.33134135, 0.32978765],\n",
       "       [0.33831039, 0.32958943, 0.33210018],\n",
       "       [0.33651267, 0.33081758, 0.33266975],\n",
       "       [0.33118108, 0.33059024, 0.33822868],\n",
       "       [0.33899176, 0.33226323, 0.32874501],\n",
       "       [0.33895149, 0.32435166, 0.33669685],\n",
       "       [0.33028538, 0.33439106, 0.33532356],\n",
       "       [0.32982913, 0.33751828, 0.33265259],\n",
       "       [0.33161266, 0.33098751, 0.33739982],\n",
       "       [0.3387804 , 0.33163314, 0.32958647],\n",
       "       [0.32999315, 0.33318297, 0.33682389],\n",
       "       [0.33915304, 0.32334192, 0.33750504],\n",
       "       [0.33789444, 0.33315581, 0.32894975],\n",
       "       [0.3271589 , 0.33420186, 0.33863924],\n",
       "       [0.3373524 , 0.3296009 , 0.33304671],\n",
       "       [0.33943004, 0.32796703, 0.33260293],\n",
       "       [0.32201673, 0.33607375, 0.34190952],\n",
       "       [0.33579212, 0.3276805 , 0.33652738],\n",
       "       [0.3413262 , 0.32959351, 0.32908029],\n",
       "       [0.33240241, 0.33437403, 0.33322355],\n",
       "       [0.3368283 , 0.33370009, 0.32947162],\n",
       "       [0.33693772, 0.3321639 , 0.33089838],\n",
       "       [0.3393468 , 0.32713414, 0.33351906],\n",
       "       [0.33282733, 0.33077528, 0.33639739],\n",
       "       [0.33119671, 0.33053793, 0.33826537],\n",
       "       [0.33368611, 0.33155974, 0.33475415],\n",
       "       [0.32670819, 0.33376465, 0.33952716],\n",
       "       [0.33528313, 0.33072813, 0.33398874],\n",
       "       [0.33186675, 0.33048077, 0.33765248],\n",
       "       [0.33061675, 0.33360889, 0.33577436],\n",
       "       [0.3405725 , 0.32732198, 0.33210551],\n",
       "       [0.33373786, 0.33210935, 0.33415279],\n",
       "       [0.33405977, 0.33093668, 0.33500355],\n",
       "       [0.33311875, 0.33520682, 0.33167443],\n",
       "       [0.33498036, 0.32885413, 0.33616551],\n",
       "       [0.334331  , 0.33087907, 0.33478993],\n",
       "       [0.33145445, 0.33302639, 0.33551916]])"
      ]
     },
     "execution_count": 168,
     "metadata": {},
     "output_type": "execute_result"
    }
   ],
   "source": [
    "model = LogisticRegression(fit_intercept=True)\n",
    "\n",
    "model.fit(X, y)\n",
    "\n",
    "model.predict_proba(X)"
   ]
  },
  {
   "cell_type": "code",
   "execution_count": 169,
   "id": "279b0159",
   "metadata": {},
   "outputs": [
    {
     "data": {
      "text/plain": [
       "array([2, 2, 2, 0, 0, 0, 2, 0, 2, 0, 1, 0, 2, 0, 1, 2, 0, 2, 0, 2, 2, 2,\n",
       "       2, 2, 2, 1, 2, 0, 0, 0, 0, 2, 2, 0, 2, 2, 2, 0, 2, 2, 0, 2, 0, 2,\n",
       "       0, 2, 0, 2, 2, 2, 1, 2, 0, 1, 0, 1, 2, 0, 1, 2, 1, 0, 0, 0, 0, 0,\n",
       "       2, 0, 0, 2, 1, 2, 0, 2, 0, 0, 2, 0, 0, 2, 2, 0, 1, 0, 0, 0, 2, 2,\n",
       "       2, 2, 0, 2, 2, 0, 2, 2, 1, 2, 2, 2])"
      ]
     },
     "execution_count": 169,
     "metadata": {},
     "output_type": "execute_result"
    }
   ],
   "source": [
    "model.predict(X)"
   ]
  },
  {
   "cell_type": "code",
   "execution_count": null,
   "id": "fe058e5d",
   "metadata": {},
   "outputs": [],
   "source": []
  }
 ],
 "metadata": {
  "kernelspec": {
   "display_name": ".venv",
   "language": "python",
   "name": "python3"
  },
  "language_info": {
   "codemirror_mode": {
    "name": "ipython",
    "version": 3
   },
   "file_extension": ".py",
   "mimetype": "text/x-python",
   "name": "python",
   "nbconvert_exporter": "python",
   "pygments_lexer": "ipython3",
   "version": "3.12.12"
  }
 },
 "nbformat": 4,
 "nbformat_minor": 5
}
